ETH_AMOUNT = 0.04741536
BTC_AMOUNT = 0.00302938
INTERVAL = 20